3,222
5,16
5,55
5,66
5,141
5,180
5,181
5,204
5,230
5,264
5,281
5,282
6,54
7,91
8,87
8,100
8,109
8,140
8,220
8,270
9,3
9,11
9,38
9,61
9,70
9,92
9,97
9,99
9,111
9,113
9,120
9,135
9,138
9,139
9,165
9,172
9,192
9,207
9,225
9,259
9,265
9,293
9,296
9,298
9,299
9,300
9,304
9,308
9,309
9,310
9,314
10,16
11,138
11,183
13,4
13,39
13,72
13,103
13,171
13,219
17,87
17,167
19,1
19,3
19,4
19,6
19,7
19,11
19,15
19,21
19,31
19,32
19,35
19,39
19,42
19,44
19,54
19,70
19,77
19,86
19,99
19,103
19,115
19,120
19,125
19,126
19,128
19,132
19,142
19,143
19,145
19,147
19,154
19,171
19,172
19,176
19,178
19,183
19,187
19,189
19,194
19,198
19,201
19,202
19,203
19,205
19,208
19,224
19,225
19,226
19,228
19,233
19,236
19,239
19,242
19,243
19,249
19,260
19,269
19,278
19,280
19,284
19,285
19,291
19,294
19,296
19,314
19,316
20,124
20,184
22,89
22,98
22,107
22,110
22,120
22,135
22,222
22,294
22,297
23,67
23,267
25,20
25,184
27,204
28,66
28,130
28,166
31,58
31,72
32,18
32,35
32,40
32,60
32,105
32,117
32,160
32,162
32,163
32,173
32,175
32,196
32,203
32,211
32,212
32,217
32,225
32,234
32,239
32,241
32,243
32,257
32,269
32,276
34,15
34,24
34,123
34,217
36,20
36,116
36,209
37,174
38,61
39,307
40,173
40,187
41,86
41,126
41,143
41,224
41,233
42,4
42,64
42,152
42,223
42,311
42,317
42,319
44,4
44,21
44,42
44,81
44,99
44,103
44,108
44,126
44,137
44,143
44,152
44,169
44,171
44,233
44,260
44,289
45,14
45,64
45,80
45,146
45,317
47,35
47,114
47,157
47,160
47,241
47,246
47,268
47,274
49,23
49,55
49,66
49,67
49,127
49,158
49,161
49,170
49,199
49,281
50,86
51,18
51,168
52,115
52,227
52,248
53,144
54,171
55,16
55,83
55,267
58,31
58,72
61,65
61,97
61,107
61,197
61,299
62,50
62,216
62,306
66,130
68,35
68,114
68,157
68,241
69,211
76,78
76,87
76,98
76,100
76,102
76,109
76,167
76,220
76,270
78,76
79,187
81,14
81,25
81,39
81,72
81,108
81,122
81,143
81,189
81,240
81,245
84,79
84,187
85,298
85,299
86,29
86,64
86,201
86,233
88,54
88,87
88,171
88,279
88,283
88,311
89,205
90,82
93,53
93,144
96,16
96,20
96,24
96,29
96,32
96,36
96,38
96,48
96,52
96,61
96,68
96,70
96,76
96,83
96,87
96,89
96,92
96,97
96,98
96,99
96,107
96,109
96,110
96,111
96,113
96,117
96,120
96,129
96,135
96,136
96,138
96,148
96,151
96,153
96,161
96,162
96,165
96,167
96,172
96,197
96,207
96,231
96,243
96,251
96,257
96,259
96,265
96,293
96,296
96,298
96,300
96,304
96,305
96,307
96,308
96,309
96,310
96,312
96,314
96,320
97,120
97,304
98,311
99,165
100,193
100,271
100,279
101,255
103,2
103,67
103,79
103,137
103,165
103,201
104,0
104,1
104,10
104,12
104,14
104,15
104,16
104,18
104,23
104,34
104,35
104,40
104,43
104,45
104,48
104,49
104,52
104,53
104,55
104,56
104,59
104,66
104,71
104,75
104,80
104,83
104,93
104,94
104,103
104,123
104,127
104,130
104,134
104,145
104,149
104,158
104,159
104,161
104,162
104,163
104,165
104,166
104,168
104,170
104,173
104,175
104,180
104,181
104,199
104,203
104,204
104,206
104,208
104,209
104,211
104,212
104,214
104,215
104,217
104,218
104,226
104,228
104,231
104,232
104,234
104,237
104,238
104,240
104,243
104,244
104,246
104,247
104,248
104,256
104,258
104,262
104,263
104,265
104,267
104,268
104,271
104,276
104,277
104,281
104,282
104,286
104,288
104,318
105,31
105,58
105,72
105,137
105,143
105,280
105,310
106,0
106,1
106,2
106,3
106,6
106,7
106,11
106,12
106,14
106,15
106,22
106,23
106,25
106,54
106,55
106,65
106,66
106,71
106,77
106,80
106,85
106,97
106,98
106,110
106,120
106,132
106,138
106,145
106,150
106,151
106,176
106,198
106,199
106,204
106,205
106,208
106,218
106,227
106,228
106,229
106,232
106,240
106,242
106,244
106,247
106,250
106,258
106,267
106,278
106,280
106,287
107,92
107,97
107,110
107,135
107,193
107,293
108,122
110,115
110,120
110,227
110,231
110,267
111,20
111,29
111,52
111,70
111,92
111,135
111,139
111,148
111,165
111,172
111,192
111,259
111,266
111,302
111,308
111,316
112,133
112,158
112,159
113,13
113,39
113,307
114,160
116,209
117,71
117,137
117,159
117,175
117,203
117,208
117,212
117,217
117,227
117,234
117,240
119,63
119,254
120,198
121,25
121,165
121,192
121,259
121,307
123,24
123,34
124,79
124,165
125,137
125,165
126,116
126,201
126,253
127,28
127,130
129,33
129,108
129,113
129,122
129,188
129,199
129,257
129,259
132,63
132,119
132,223
132,238
132,254
132,274
132,317
132,319
134,16
134,28
134,66
134,127
134,130
134,136
134,170
134,218
134,281
136,66
136,218
138,11
139,4
139,11
139,183
139,193
139,205
139,242
139,245
144,53
144,93
145,193
145,286
146,317
148,21
148,29
148,64
148,86
148,116
148,126
148,224
148,253
149,79
149,84
149,187
150,57
151,0
151,1
151,3
151,6
151,11
151,12
151,14
151,15
151,20
151,22
151,25
151,44
151,61
151,65
151,66
151,71
151,72
151,77
151,88
151,94
151,97
151,98
151,107
151,115
151,120
151,132
151,135
151,138
151,149
151,173
151,176
151,197
151,198
151,201
151,204
151,208
151,227
151,228
151,229
151,232
151,240
151,242
151,244
151,245
151,247
151,250
151,258
151,260
151,263
151,267
151,268
151,278
151,280
151,287
153,15
153,94
153,173
153,196
153,203
153,211
153,212
153,241
153,256
153,268
154,21
154,29
154,39
154,42
154,86
154,99
154,103
154,126
154,143
154,148
154,152
154,169
154,182
154,201
154,224
154,266
154,307
154,312
155,317
156,118
156,271
156,286
158,10
158,66
158,141
158,180
158,204
158,231
158,251
158,281
159,40
159,117
159,153
159,158
159,163
159,206
159,240
159,241
160,157
160,246
161,16
162,7
162,94
162,149
162,173
162,201
162,203
162,241
162,257
163,18
163,35
163,40
163,162
163,203
163,211
163,212
163,239
163,241
163,243
163,256
163,276
164,4
164,21
164,41
164,42
164,71
164,86
164,99
164,103
164,137
164,143
164,152
164,154
164,169
164,171
164,224
164,233
164,266
165,20
165,25
165,124
165,137
165,184
165,200
165,201
165,209
165,230
165,250
167,17
167,124
169,319
172,213
172,302
175,2
175,103
175,141
175,162
175,201
175,243
176,198
177,50
177,112
177,216
177,306
178,135
178,309
180,16
180,66
180,282
181,10
181,15
181,49
181,55
181,66
181,127
181,130
181,141
181,144
181,158
181,161
181,170
181,180
181,191
181,199
181,221
181,273
181,282
182,4
182,63
186,21
186,50
186,86
186,152
186,175
186,201
186,233
188,33
188,253
192,13
192,26
192,31
192,37
192,39
192,41
192,44
192,54
192,57
192,65
192,72
192,77
192,82
192,86
192,88
192,105
192,107
192,119
192,122
192,125
192,132
192,142
192,149
192,152
192,154
192,173
192,174
192,175
192,176
192,178
192,179
192,183
192,188
192,198
192,201
192,202
192,209
192,219
192,220
192,226
192,227
192,233
192,236
192,239
192,254
192,257
192,259
192,269
192,275
192,285
192,305
192,308
193,286
196,47
196,60
196,68
196,114
196,160
196,241
196,246
196,274
197,65
197,98
197,176
198,176
199,12
199,203
200,25
200,124
200,137
200,149
200,184
200,201
200,209
201,184
203,60
203,149
203,157
203,173
203,211
203,246
203,257
203,280
204,10
204,141
204,282
207,61
207,143
207,176
207,198
207,203
207,269
207,287
207,296
207,300
208,59
208,116
208,201
211,69
212,35
213,194
213,284
214,246
215,0
216,23
216,59
216,94
216,114
216,125
216,133
216,145
216,147
216,159
216,201
216,203
216,211
216,241
216,250
216,258
217,163
218,127
219,29
219,50
219,64
219,67
219,79
219,99
219,116
219,141
219,148
219,182
219,186
219,223
219,253
219,311
219,312
219,319
221,191
222,245
224,126
225,239
225,280
225,291
225,310
225,314
226,142
226,183
228,15
228,89
228,91
229,65
229,98
229,120
229,292
230,124
231,158
231,251
232,56
232,227
234,18
234,32
234,35
234,40
234,105
234,117
234,149
234,153
234,173
234,175
234,203
234,211
234,212
234,217
234,225
234,239
234,241
234,256
234,257
234,276
236,35
236,212
238,168
240,14
240,20
240,36
240,59
240,116
240,165
240,168
240,244
241,114
241,196
241,211
241,268
242,89
242,107
242,135
242,176
242,193
242,198
242,205
242,292
242,293
242,295
242,298
242,301
242,304
243,18
243,24
243,94
243,163
243,175
243,196
243,228
243,241
243,256
244,0
244,165
247,12
248,227
249,16
249,170
249,231
250,165
250,201
251,231
252,2
252,3
252,4
252,6
252,7
252,11
252,12
252,14
252,21
252,22
252,23
252,31
252,32
252,35
252,38
252,39
252,40
252,41
252,42
252,44
252,54
252,55
252,58
252,61
252,70
252,71
252,92
252,94
252,97
252,99
252,108
252,111
252,113
252,115
252,120
252,121
252,125
252,126
252,128
252,132
252,135
252,137
252,139
252,142
252,143
252,145
252,147
252,149
252,152
252,154
252,162
252,164
252,165
252,169
252,171
252,172
252,173
252,175
252,176
252,178
252,183
252,187
252,192
252,194
252,198
252,201
252,202
252,203
252,207
252,208
252,212
252,213
252,224
252,225
252,226
252,228
252,233
252,236
252,239
252,240
252,242
252,244
252,245
252,249
252,250
252,258
252,259
252,260
252,265
252,268
252,278
252,284
252,285
252,287
252,291
252,293
252,294
252,296
252,298
252,299
252,300
252,304
252,307
252,309
252,310
252,314
257,7
257,12
257,137
257,199
257,228
259,1
259,7
259,13
259,39
259,88
259,103
259,142
259,149
259,155
259,174
259,187
259,195
259,219
259,305
259,311
259,313
260,4
260,21
260,42
260,99
260,103
260,126
260,137
260,143
260,152
260,169
260,171
260,233
261,131
262,16
262,55
262,66
262,127
262,130
262,134
262,136
262,170
262,218
262,281
263,15
263,228
264,83
265,52
265,115
265,227
266,2
266,42
266,86
266,103
266,126
266,135
266,164
266,169
266,182
266,224
266,233
266,313
268,89
268,91
268,114
268,211
272,0
272,10
272,12
272,14
272,16
272,20
272,23
272,35
272,36
272,40
272,43
272,45
272,49
272,51
272,52
272,53
272,55
272,56
272,59
272,69
272,71
272,75
272,80
272,83
272,93
272,94
272,103
272,112
272,123
272,127
272,130
272,134
272,145
272,149
272,158
272,159
272,161
272,162
272,163
272,165
272,166
272,168
272,170
272,173
272,175
272,180
272,181
272,185
272,199
272,204
272,206
272,211
272,212
272,214
272,215
272,217
272,218
272,222
272,226
272,227
272,228
272,231
272,234
272,237
272,238
272,240
272,241
272,243
272,246
272,247
272,248
272,251
272,255
272,256
272,258
272,262
272,263
272,267
272,268
272,282
272,286
272,288
272,318
273,23
274,119
274,254
274,317
275,37
275,41
275,42
275,52
275,113
275,129
275,143
275,148
275,152
275,154
275,161
275,165
275,169
275,171
275,182
275,192
275,201
275,207
275,224
275,250
275,260
275,284
275,307
275,308
275,312
279,220
279,283
281,83
282,9
282,193
282,286
282,288
286,145
286,193
286,228
286,282
289,97
291,225
291,239
291,314
292,110
294,297
294,313
295,309
304,6
304,110
304,176
304,229
305,39
305,88
305,143
305,183
305,202
305,219
305,226
305,239
309,287
309,299
312,143
314,280
315,98
315,120
315,143
315,150
315,229
320,61
320,107
321,71
321,256
